e91592a0-4567-11e3-9ed9-f3a588754a65,24212314291,STARTED,
e9156b90-4567-11e3-9ed9-f3a588754a65,24534976986,STARTED,
e78d1de0-4567-11e3-86f5-ebedc4df43b6,27711025895,STARTED,
e78d44f0-4567-11e3-86f5-ebedc4df43b6,27728210453,STARTED,
e91592a0-4567-11e3-9ed9-f3a588754a65,65556059204,STARTED,
e9156b90-4567-11e3-9ed9-f3a588754a65,65559875672,STARTED,
e78d1de0-4567-11e3-86f5-ebedc4df43b6,70769037393,STARTED,
e78d44f0-4567-11e3-86f5-ebedc4df43b6,70780623200,STARTED,
e78d1de0-4567-11e3-86f5-ebedc4df43b6,79371989291,FINISHED,
e78d1de0-4567-11e3-86f5-ebedc4df43b6,80460387009,FINISHED,
e91592a0-4567-11e3-9ed9-f3a588754a65,87037377926,FINISHED,
e9156b90-4567-11e3-9ed9-f3a588754a65,87902091809,FINISHED,
e91592a0-4567-11e3-9ed9-f3a588754a65,88060728563,FINISHED,
e9156b90-4567-11e3-9ed9-f3a588754a65,88934023044,FINISHED,
,,,
,,,
,,,
,,,
,61205812591,56248072718,60191065914
